ant:




















Median results:
[1.  0.2 0.5 0.5]

Best results:
[[0.0, 0.0, 0.0, 0.5],
 [0.5, 0.2, 0.5, 0.6500000000000001],
 [0.0, 0.0, 0.0, 0.5],
 [0.0, 0.0, 0.0, 0.5],
 [1.0, 1.0, 0.7142857142857143, 0.5],
 [0.5, 0.2, 0.5, 0.6500000000000001],
 [0.4, 0.0, 1.0, 0.7],
 [0.5, 0.2, 0.5, 0.6500000000000001],
 [1.0, 1.0, 0.7142857142857143, 0.5],
 [1.0, 1.0, 0.2857142857142857, 0.5],
 [1.0, 1.0, 0.7142857142857143, 0.5],
 [1.0, 1.0, 0.7142857142857143, 0.5],
 [1.0, 1.0, 0.7142857142857143, 0.5],
 [1.0, 1.0, 0.2857142857142857, 0.5],
 [1.0, 1.0, 0.7142857142857143, 0.5],
 [1.0, 0.2, 0.6666666666666666, 0.9],
 [0.5, 0.2, 0.5, 0.6500000000000001],
 [0.0, 0.0, 0.0, 0.5],
 [1.0, 1.0, 0.2857142857142857, 0.5],
 [1.0, 0.2, 0.6666666666666666, 0.9]]
cassandra:




















Median results:
[1.         0.66666667 0.25       0.5       ]

Best results:
[[1.0, 1.0, 0.25, 0.5],
 [1.0, 0.6666666666666666, 0.3333333333333333, 0.6666666666666667],
 [1.0, 0.6666666666666666, 0.3333333333333333, 0.6666666666666667],
 [0.0, 0.0, 0.0, 0.5],
 [1.0, 0.6666666666666666, 0.3333333333333333, 0.6666666666666667],
 [1.0, 1.0, 0.75, 0.5],
 [1.0, 1.0, 0.75, 0.5],
 [0.0, 0.0, 0.0, 0.5],
 [0.3333333333333333, 1.0, 0.5, 0.16666666666666666],
 [0.0, 1.0, 0.0, 0.0],
 [1.0, 0.6666666666666666, 0.3333333333333333, 0.6666666666666667],
 [0.0, 1.0, 0.0, 0.0],
 [0.0, 0.0, 0.0, 0.5],
 [1.0, 1.0, 0.25, 0.5],
 [1.0, 1.0, 0.25, 0.5],
 [1.0, 1.0, 0.75, 0.5],
 [1.0, 0.6666666666666666, 0.3333333333333333, 0.6666666666666667],
 [0.0, 0.0, 0.0, 0.5],
 [0.0, 0.0, 0.0, 0.5],
 [0.0, 0.0, 0.0, 0.5]]
commons:




















Median results:
[0.875 1.    0.65  0.5  ]

Best results:
[[0.0, 0.5, 0.0, 0.25],
 [1.0, 1.0, 0.8, 0.5],
 [1.0, 1.0, 0.8, 0.5],
 [0.0, 0.0, 0.0, 0.5],
 [1.0, 1.0, 0.2, 0.5],
 [0.25, 1.0, 0.5, 0.125],
 [0.0, 1.0, 0.0, 0.0],
 [1.0, 1.0, 0.8, 0.5],
 [0.75, 0.0, 1.0, 0.875],
 [0.25, 1.0, 0.5, 0.125],
 [1.0, 1.0, 0.8, 0.5],
 [0.0, 0.0, 0.0, 0.5],
 [1.0, 1.0, 0.8, 0.5],
 [1.0, 1.0, 0.8, 0.5],
 [0.0, 0.0, 0.0, 0.5],
 [0.0, 0.5, 0.0, 0.25],
 [1.0, 1.0, 0.8, 0.5],
 [1.0, 1.0, 0.8, 0.5],
 [0.0, 0.0, 0.0, 0.5],
 [1.0, 1.0, 0.8, 0.5]]
derby:




















Median results:
[0.92857143 0.84482759 0.68065934 0.50656814]

Best results:
[[0.5517241379310345, 0.06349206349206349, 0.8, 0.7441160372194855],
 [0.9365079365079365,
  0.9655172413793104,
  0.6781609195402298,
  0.48549534756431306],
 [0.6206896551724138,
  0.23809523809523808,
  0.5454545454545454,
  0.6912972085385878],
 [1.0, 1.0, 0.31521739130434784, 0.5],
 [0.9523809523809523,
  0.7931034482758621,
  0.7228915662650602,
  0.5796387520525451],
 [0.09523809523809523, 0.06896551724137931, 0.75, 0.513136288998358],
 [1.0, 1.0, 0.6847826086956522, 0.5],
 [0.5862068965517241,
  0.14285714285714285,
  0.6538461538461539,
  0.7216748768472907],
 [0.9682539682539683,
  0.896551724137931,
  0.7011494252873564,
  0.5358511220580187],
 [0.7931034482758621,
  0.9206349206349206,
  0.2839506172839506,
  0.43623426382047076],
 [0.20634920634920634,
  0.20689655172413793,
  0.6842105263157895,
  0.4997263273125342],
 [1.0, 1.0, 0.31521739130434784, 0.5],
 [0.9841269841269841, 1.0, 0.6813186813186813, 0.49206349206349204],
 [0.5862068965517241,
  0.15873015873015872,
  0.6296296296296297,
  0.7137383689107827],
 [1.0, 1.0, 0.31521739130434784, 0.5],
 [0.6206896551724138,
  0.15873015873015872,
  0.6428571428571429,
  0.7309797482211275],
 [1.0, 1.0, 0.6847826086956522, 0.5],
 [0.9206349206349206,
  0.9310344827586207,
  0.6823529411764706,
  0.49480021893814996],
 [0.5862068965517241, 0.12698412698412698, 0.68, 0.7296113847837986],
 [0.9682539682539683,
  0.7931034482758621,
  0.7261904761904762,
  0.5875752599890531]]
jmeter:




















Median results:
[0.  0.  0.  0.5]

Best results:
[[0.0, 0.0, 0.0, 0.5],
 [0.0, 0.0, 0.0, 0.5],
 [0.0, 0.0, 0.0, 0.5],
 [1.0, 1.0, 0.75, 0.5],
 [1.0, 1.0, 0.25, 0.5],
 [0.0, 0.0, 0.0, 0.5],
 [0.0, 1.0, 0.0, 0.0],
 [0.0, 0.0, 0.0, 0.5],
 [0.0, 0.0, 0.0, 0.5],
 [0.0, 0.0, 0.0, 0.5],
 [0.0, 0.0, 0.0, 0.5],
 [0.0, 0.0, 0.0, 0.5],
 [0.0, 0.0, 0.0, 0.5],
 [0.0, 0.0, 0.0, 0.5],
 [0.0, 1.0, 0.0, 0.0],
 [0.0, 0.3333333333333333, 0.0, 0.33333333333333337],
 [0.0, 0.0, 0.0, 0.5],
 [1.0, 1.0, 0.25, 0.5],
 [0.0, 0.6666666666666666, 0.0, 0.16666666666666669],
 [0.0, 0.0, 0.0, 0.5]]
lucene-solr:




















Median results:
[0.75       0.5        0.33333333 0.5       ]

Best results:
[[0.0, 0.0, 0.0, 0.5],
 [0.0, 0.0, 0.0, 0.5],
 [1.0, 1.0, 0.3333333333333333, 0.5],
 [0.5, 0.75, 0.25, 0.375],
 [0.5, 0.0, 1.0, 0.75],
 [0.0, 0.0, 0.0, 0.5],
 [1.0, 0.5, 0.5, 0.75],
 [1.0, 1.0, 0.6666666666666666, 0.5],
 [1.0, 0.75, 0.4, 0.625],
 [1.0, 1.0, 0.3333333333333333, 0.5],
 [1.0, 0.25, 0.6666666666666666, 0.875],
 [0.0, 0.0, 0.0, 0.5],
 [1.0, 1.0, 0.6666666666666666, 0.5],
 [0.5, 0.5, 0.6666666666666666, 0.5],
 [1.0, 1.0, 0.3333333333333333, 0.5],
 [1.0, 1.0, 0.6666666666666666, 0.5],
 [0.0, 0.0, 0.0, 0.5],
 [1.0, 1.0, 0.6666666666666666, 0.5],
 [0.0, 0.0, 0.0, 0.5],
 [0.0, 0.0, 0.0, 0.5]]
tomcat:




















Median results:
[0.69720497 0.47826087 0.60492846 0.51086957]

Best results:
[[1.0, 1.0, 0.6216216216216216, 0.5],
 [1.0, 1.0, 0.6216216216216216, 0.5],
 [0.0, 0.0, 0.0, 0.5],
 [0.5217391304347826, 0.21428571428571427, 0.8, 0.6537267080745341],
 [0.42857142857142855,
  0.30434782608695654,
  0.46153846153846156,
  0.562111801242236],
 [0.7857142857142857,
  0.5217391304347826,
  0.4782608695652174,
  0.6319875776397516],
 [0.5, 0.21739130434782608, 0.5833333333333334, 0.641304347826087],
 [0.42857142857142855, 0.08695652173913043, 0.75, 0.6708074534161491],
 [0.42857142857142855,
  0.4782608695652174,
  0.35294117647058826,
  0.47515527950310554],
 [0.8695652173913043, 1.0, 0.5882352941176471, 0.43478260869565216],
 [1.0, 1.0, 0.3783783783783784, 0.5],
 [0.6086956521739131, 0.42857142857142855, 0.7, 0.5900621118012422],
 [0.08695652173913043,
  0.07142857142857142,
  0.6666666666666666,
  0.5077639751552795],
 [0.7857142857142857, 0.4782608695652174, 0.5, 0.6537267080745341],
 [0.9565217391304348,
  0.9285714285714286,
  0.6285714285714286,
  0.5139751552795031],
 [0.8260869565217391,
  0.6428571428571429,
  0.6785714285714286,
  0.5916149068322982],
 [1.0, 1.0, 0.6216216216216216, 0.5],
 [0.0, 0.0, 0.0, 0.5],
 [1.0, 1.0, 0.6216216216216216, 0.5],
 [0.5, 0.2608695652173913, 0.5384615384615384, 0.6195652173913043]]
maven:
