ant:




















Median results:
[1.         0.9        0.28571429 0.5       ]

Best results:
[[1.0, 1.0, 0.2857142857142857, 0.5],
 [1.0, 1.0, 0.2857142857142857, 0.5],
 [0.0, 0.0, 0.0, 0.5],
 [1.0, 0.4, 0.5, 0.8],
 [1.0, 1.0, 0.7142857142857143, 0.5],
 [0.0, 0.0, 0.0, 0.5],
 [0.6, 0.5, 0.75, 0.55],
 [0.5, 0.2, 0.5, 0.6500000000000001],
 [1.0, 1.0, 0.2857142857142857, 0.5],
 [1.0, 1.0, 0.2857142857142857, 0.5],
 [1.0, 1.0, 0.2857142857142857, 0.5],
 [1.0, 0.8, 0.3333333333333333, 0.6],
 [1.0, 1.0, 0.7142857142857143, 0.5],
 [1.0, 1.0, 0.7142857142857143, 0.5],
 [1.0, 0.4, 0.5, 0.8],
 [0.5, 0.2, 0.5, 0.6500000000000001],
 [1.0, 1.0, 0.2857142857142857, 0.5],
 [0.0, 0.0, 0.0, 0.5],
 [0.0, 0.0, 0.0, 0.5],
 [1.0, 1.0, 0.2857142857142857, 0.5]]
cassandra:




















Median results:
[1.         1.         0.33333333 0.5       ]

Best results:
[[0.3333333333333333, 0.0, 1.0, 0.6666666666666666],
 [0.0, 0.0, 0.0, 0.5],
 [1.0, 1.0, 0.25, 0.5],
 [0.0, 0.6666666666666666, 0.0, 0.16666666666666669],
 [0.3333333333333333, 1.0, 0.5, 0.16666666666666666],
 [1.0, 1.0, 0.75, 0.5],
 [1.0, 1.0, 0.75, 0.5],
 [1.0, 0.6666666666666666, 0.3333333333333333, 0.6666666666666667],
 [1.0, 1.0, 0.75, 0.5],
 [0.3333333333333333, 0.0, 1.0, 0.6666666666666666],
 [1.0, 1.0, 0.25, 0.5],
 [0.3333333333333333, 1.0, 0.5, 0.16666666666666666],
 [0.0, 0.6666666666666666, 0.0, 0.16666666666666669],
 [0.0, 0.6666666666666666, 0.0, 0.16666666666666669],
 [1.0, 1.0, 0.75, 0.5],
 [1.0, 1.0, 0.25, 0.5],
 [1.0, 0.6666666666666666, 0.3333333333333333, 0.6666666666666667],
 [1.0, 1.0, 0.25, 0.5],
 [0.0, 0.0, 0.0, 0.5],
 [1.0, 1.0, 0.75, 0.5]]
commons:




















Median results:
[0.125 1.    0.1   0.5  ]

Best results:
[[1.0, 1.0, 0.8, 0.5],
 [0.0, 0.0, 0.0, 0.5],
 [0.25, 0.0, 1.0, 0.625],
 [0.75, 1.0, 0.75, 0.375],
 [0.0, 0.0, 0.0, 0.5],
 [1.0, 1.0, 0.8, 0.5],
 [0.0, 0.0, 0.0, 0.5],
 [1.0, 1.0, 0.2, 0.5],
 [0.0, 1.0, 0.0, 0.0],
 [0.0, 0.0, 0.0, 0.5],
 [0.0, 0.25, 0.0, 0.375],
 [0.0, 0.75, 0.0, 0.125],
 [1.0, 1.0, 0.8, 0.5],
 [1.0, 1.0, 0.2, 0.5],
 [0.0, 0.0, 0.0, 0.5],
 [0.0, 1.0, 0.0, 0.0],
 [0.0, 0.0, 0.0, 0.5],
 [1.0, 1.0, 0.8, 0.5],
 [1.0, 1.0, 0.2, 0.5],
 [1.0, 1.0, 0.2, 0.5]]
derby:




















Median results:
[0.91652983 0.9137931  0.68478261 0.5       ]

Best results:
[[1.0, 1.0, 0.6847826086956522, 0.5],
 [0.6206896551724138,
  0.047619047619047616,
  0.8571428571428571,
  0.786535303776683],
 [1.0, 1.0, 0.31521739130434784, 0.5],
 [0.0, 0.0, 0.0, 0.5],
 [0.9841269841269841,
  0.9310344827586207,
  0.6966292134831461,
  0.5265462506841817],
 [0.896551724137931,
  0.30158730158730157,
  0.5777777777777777,
  0.7974822112753147],
 [0.4827586206896552,
  0.12698412698412698,
  0.6363636363636364,
  0.6778872468527641],
 [1.0, 1.0, 0.6847826086956522, 0.5],
 [1.0, 1.0, 0.6847826086956522, 0.5],
 [0.8095238095238095, 1.0, 0.6375, 0.40476190476190477],
 [1.0, 1.0, 0.31521739130434784, 0.5],
 [0.0, 0.0, 0.0, 0.5],
 [1.0, 1.0, 0.6847826086956522, 0.5],
 [0.5862068965517241,
  0.031746031746031744,
  0.8947368421052632,
  0.7772304324028462],
 [1.0, 1.0, 0.6847826086956522, 0.5],
 [1.0, 1.0, 0.31521739130434784, 0.5],
 [0.7936507936507936,
  0.6206896551724138,
  0.7352941176470589,
  0.5864805692391899],
 [0.9365079365079365,
  0.896551724137931,
  0.6941176470588235,
  0.5199781061850027],
 [0.06349206349206349, 0.034482758620689655, 0.8, 0.5145046524356869],
 [0.4827586206896552,
  0.14285714285714285,
  0.6086956521739131,
  0.6699507389162562]]
jmeter:




















Median results:
[0.         0.16666667 0.         0.5       ]

Best results:
[[0.0, 0.0, 0.0, 0.5],
 [1.0, 1.0, 0.25, 0.5],
 [1.0, 0.6666666666666666, 0.3333333333333333, 0.6666666666666667],
 [1.0, 1.0, 0.75, 0.5],
 [0.0, 0.0, 0.0, 0.5],
 [0.0, 0.3333333333333333, 0.0, 0.33333333333333337],
 [0.0, 0.0, 0.0, 0.5],
 [0.0, 0.3333333333333333, 0.0, 0.33333333333333337],
 [0.0, 0.3333333333333333, 0.0, 0.33333333333333337],
 [0.0, 0.0, 0.0, 0.5],
 [1.0, 1.0, 0.25, 0.5],
 [0.0, 0.0, 0.0, 0.5],
 [1.0, 0.0, 1.0, 1.0],
 [0.6666666666666666, 1.0, 0.6666666666666666, 0.3333333333333333],
 [0.0, 0.0, 0.0, 0.5],
 [0.0, 0.0, 0.0, 0.5],
 [0.0, 0.0, 0.0, 0.5],
 [0.0, 0.0, 0.0, 0.5],
 [1.0, 1.0, 0.25, 0.5],
 [1.0, 1.0, 0.75, 0.5]]
lucene-solr:




















Median results:
[1.         1.         0.66666667 0.5       ]

Best results:
[[1.0, 0.25, 0.6666666666666666, 0.875],
 [1.0, 1.0, 0.6666666666666666, 0.5],
 [0.0, 0.0, 0.0, 0.5],
 [1.0, 1.0, 0.6666666666666666, 0.5],
 [0.0, 0.0, 0.0, 0.5],
 [0.5, 0.5, 0.6666666666666666, 0.5],
 [1.0, 1.0, 0.3333333333333333, 0.5],
 [1.0, 1.0, 0.3333333333333333, 0.5],
 [1.0, 1.0, 0.6666666666666666, 0.5],
 [0.75, 0.5, 0.75, 0.625],
 [1.0, 1.0, 0.6666666666666666, 0.5],
 [1.0, 1.0, 0.3333333333333333, 0.5],
 [1.0, 1.0, 0.3333333333333333, 0.5],
 [1.0, 1.0, 0.6666666666666666, 0.5],
 [1.0, 1.0, 0.3333333333333333, 0.5],
 [1.0, 1.0, 0.3333333333333333, 0.5],
 [0.75, 0.5, 0.75, 0.625],
 [0.25, 0.0, 1.0, 0.625],
 [1.0, 0.75, 0.4, 0.625],
 [0.5, 0.0, 1.0, 0.75]]
tomcat:




















Median results:
[0.71428571 0.41304348 0.53864734 0.58385093]

Best results:
[[0.5, 0.17391304347826086, 0.6363636363636364, 0.6630434782608695],
 [0.0, 0.0, 0.0, 0.5],
 [1.0, 1.0, 0.6216216216216216, 0.5],
 [0.6428571428571429, 0.391304347826087, 0.5, 0.6257763975155279],
 [0.7142857142857143,
  0.34782608695652173,
  0.5555555555555556,
  0.6832298136645963],
 [0.5714285714285714, 0.34782608695652173, 0.5, 0.6118012422360248],
 [0.8571428571428571, 0.5652173913043478, 0.48, 0.6459627329192547],
 [0.5714285714285714, 0.34782608695652173, 0.5, 0.6118012422360248],
 [1.0, 1.0, 0.6216216216216216, 0.5],
 [0.0, 0.0, 0.0, 0.5],
 [1.0, 1.0, 0.6216216216216216, 0.5],
 [1.0, 1.0, 0.3783783783783784, 0.5],
 [0.8571428571428571, 0.4782608695652174, 0.5217391304347826, 0.68944099378882],
 [1.0, 1.0, 0.6216216216216216, 0.5],
 [0.5, 0.21739130434782608, 0.5833333333333334, 0.641304347826087],
 [0.6428571428571429, 0.30434782608695654, 0.5625, 0.6692546583850931],
 [0.14285714285714285,
  0.21739130434782608,
  0.2857142857142857,
  0.46273291925465837],
 [0.8260869565217391,
  0.7142857142857143,
  0.6551724137931034,
  0.5559006211180124],
 [0.7142857142857143, 0.43478260869565216, 0.5, 0.6397515527950312],
 [1.0, 1.0, 0.6216216216216216, 0.5]]
maven:
